pQSO_1	pQSO_10	pQSO_11	pQSO_12	pQSO_13	pQSO_14	pQSO_15	pQSO_16	pQSO_17	pQSO_18	pQSO_19	pQSO_2	pQSO_20	pQSO_3	pQSO_4	pQSO_5	pQSO_6	pQSO_7	pQSO_8	pQSO_9	prot_ID
0.0543	0.0466	0.0505	0.0495	0.0496	0.0508	0.0475	0.0511	0.0488	0.0495	0.0511	0.0508	0.0486	0.0512	0.0511	0.0473	0.0514	0.0505	0.0494	0.0504	seq_15893_7
0.0521	0.0492	0.0499	0.0498	0.0498	0.0495	0.05	0.0496	0.0501	0.0504	0.05	0.0488	0.05	0.0523	0.0505	0.0503	0.0499	0.0492	0.0488	0.0497	seq_15893_6
0.0521	0.0495	0.049	0.0505	0.0499	0.0504	0.0495	0.0497	0.0494	0.0489	0.0495	0.0489	0.0494	0.0522	0.0511	0.0507	0.0514	0.0496	0.0498	0.0485	seq_15893_5
0.0508	0.0499	0.049	0.0487	0.0494	0.0489	0.05	0.0501	0.05	0.0495	0.05	0.0499	0.0499	0.0506	0.0508	0.0512	0.0508	0.0504	0.0506	0.0496	seq_15893_1
0.05	0.0486	0.0511	0.0495	0.0521	0.0516	0.0498	0.0511	0.05	0.0454	0.0486	0.0523	0.0501	0.0501	0.0533	0.0531	0.0502	0.0517	0.0491	0.0423	seq_15893_4
0.0519	0.0492	0.0493	0.0499	0.0496	0.0503	0.0498	0.0496	0.0496	0.0489	0.0498	0.0494	0.0495	0.0519	0.0513	0.0505	0.0514	0.0496	0.05	0.0484	seq_15893_2
0.0522	0.0488	0.0496	0.0503	0.049	0.0503	0.0469	0.0492	0.0492	0.0515	0.0498	0.0483	0.0514	0.056	0.047	0.0498	0.0492	0.0528	0.0516	0.047	seq_15893_3
0.0519	0.0497	0.0493	0.0493	0.0494	0.05	0.0492	0.0496	0.0493	0.0498	0.049	0.0506	0.0495	0.0514	0.0516	0.0499	0.0497	0.0503	0.0499	0.0503	seq_15893_11
0.0518	0.0494	0.0497	0.0491	0.0491	0.0499	0.05	0.0499	0.0499	0.0497	0.0496	0.0489	0.0504	0.0509	0.0504	0.051	0.0507	0.0505	0.0498	0.0493	seq_15893_10
0.051	0.0494	0.0498	0.0495	0.0513	0.0506	0.0498	0.0506	0.0493	0.0473	0.0493	0.0515	0.0501	0.0506	0.0515	0.051	0.051	0.0503	0.0487	0.0475	seq_15893_12
0.0517	0.0491	0.0496	0.0495	0.0495	0.0496	0.0502	0.0495	0.0497	0.0498	0.0491	0.0495	0.0501	0.051	0.0505	0.0509	0.0509	0.05	0.0501	0.0497	seq_15893_13
0.0512	0.0494	0.0489	0.0493	0.0492	0.0501	0.0499	0.05	0.0498	0.0506	0.0495	0.0495	0.0496	0.0505	0.051	0.0502	0.0504	0.0507	0.0504	0.0498	seq_15893_9
0.0518	0.0497	0.0495	0.0501	0.0495	0.0498	0.0496	0.0501	0.0504	0.0496	0.05	0.052	0.0496	0.0498	0.0487	0.0505	0.0508	0.0489	0.0493	0.05	seq_15893_8
0.051	0.0502	0.0499	0.0492	0.0489	0.0492	0.0495	0.0502	0.0499	0.0502	0.0495	0.0489	0.0496	0.0525	0.052	0.0506	0.0493	0.0498	0.0495	0.0503	seq_15893_0
0.0517	0.0489	0.0504	0.051	0.0491	0.0476	0.0495	0.0489	0.0502	0.0493	0.0504	0.0484	0.0503	0.0519	0.0511	0.0506	0.0513	0.0498	0.0491	0.0506	seq_15893_14
0.0519	0.0491	0.0492	0.0496	0.0504	0.0492	0.05	0.0501	0.0496	0.0488	0.0491	0.0504	0.0496	0.051	0.0509	0.0512	0.0507	0.0504	0.0496	0.0494	seq_15893_15
0.0499	0.0489	0.0501	0.05	0.0515	0.0503	0.051	0.0502	0.0492	0.0469	0.0499	0.051	0.0484	0.0512	0.0523	0.0518	0.0501	0.052	0.0493	0.0461	seq_15893_19
0.0508	0.0502	0.05	0.0497	0.0501	0.0491	0.0499	0.0497	0.0509	0.0504	0.0503	0.0471	0.0494	0.0518	0.0512	0.051	0.0488	0.0502	0.0495	0.0499	seq_15893_18
0.0522	0.0492	0.0508	0.0496	0.0501	0.0501	0.0507	0.0494	0.0495	0.0503	0.0503	0.0466	0.051	0.0519	0.0491	0.051	0.049	0.051	0.0483	0.05	seq_15893_17
0.0512	0.0492	0.05	0.0504	0.0487	0.0491	0.0486	0.049	0.05	0.0491	0.0494	0.049	0.0506	0.0507	0.0509	0.0508	0.0509	0.0514	0.0501	0.0508	seq_15893_16
0.0522	0.05	0.0492	0.0497	0.0487	0.0493	0.0486	0.0499	0.0501	0.049	0.0496	0.048	0.0504	0.0513	0.0502	0.0509	0.0511	0.0506	0.0504	0.0509	seq_15893_21
0.049	0.0495	0.049	0.0495	0.0506	0.0505	0.0509	0.0499	0.0501	0.0491	0.0496	0.0489	0.0489	0.05	0.0517	0.0523	0.0517	0.0495	0.0488	0.0506	seq_15893_20
0.0504	0.0477	0.0505	0.0515	0.0504	0.0494	0.0485	0.0486	0.0497	0.0498	0.0492	0.0557	0.0489	0.0536	0.0498	0.0479	0.0486	0.0501	0.0506	0.049	seq_15893_22
0.0501	0.0498	0.0493	0.0493	0.0501	0.0492	0.05	0.0496	0.0506	0.0495	0.05	0.0501	0.0498	0.0514	0.0513	0.0495	0.0518	0.0483	0.0501	0.0502	seq_15893_23
0.053	0.0487	0.0533	0.0516	0.052	0.0506	0.0473	0.0487	0.0454	0.0474	0.0514	0.0467	0.0496	0.051	0.0531	0.0493	0.0534	0.0483	0.0494	0.0497	seq_15893_28
0.0514	0.0493	0.0503	0.0501	0.0502	0.0502	0.0501	0.0495	0.0495	0.05	0.0499	0.0495	0.05	0.0517	0.0502	0.0502	0.0495	0.0504	0.0486	0.0496	seq_15893_25
0.0508	0.049	0.0523	0.0492	0.0521	0.053	0.0497	0.0514	0.0496	0.0428	0.0492	0.0524	0.0518	0.0482	0.0533	0.0534	0.0489	0.0531	0.0489	0.0411	seq_15893_26
0.0508	0.0496	0.0497	0.0498	0.0494	0.0487	0.0497	0.0497	0.0501	0.0504	0.05	0.05	0.0498	0.0509	0.0517	0.05	0.0501	0.05	0.0497	0.0499	seq_15893_24
0.051	0.0495	0.0498	0.05	0.0494	0.0492	0.0487	0.0501	0.0499	0.0502	0.0507	0.0505	0.0498	0.0504	0.0504	0.0505	0.0505	0.0491	0.0498	0.0504	seq_15893_27
0.0523	0.0493	0.0504	0.0499	0.0508	0.0472	0.049	0.047	0.051	0.0482	0.0497	0.0471	0.0495	0.0529	0.0496	0.0526	0.0519	0.0512	0.0503	0.05	seq_15893_29
0.0506	0.0502	0.0512	0.0499	0.05	0.0505	0.05	0.0474	0.0491	0.0494	0.0483	0.0482	0.0498	0.0518	0.0502	0.052	0.0501	0.0506	0.05	0.0507	seq_15893_31
0.0514	0.0497	0.0503	0.0497	0.0494	0.0498	0.0497	0.049	0.0501	0.0494	0.0492	0.0495	0.0491	0.0513	0.0511	0.0507	0.0509	0.0496	0.0502	0.0501	seq_15893_30
0.0505	0.0508	0.049	0.0501	0.0494	0.0485	0.0489	0.0491	0.0508	0.0504	0.0516	0.0477	0.0501	0.0501	0.0488	0.0501	0.0509	0.0513	0.0513	0.0507	seq_15893_32
0.0506	0.0497	0.05	0.0496	0.0507	0.0499	0.0502	0.0499	0.0494	0.0473	0.0509	0.05	0.0489	0.051	0.0518	0.0517	0.05	0.0518	0.0494	0.0471	seq_15893_34
0.0515	0.0503	0.0492	0.0499	0.05	0.0498	0.0491	0.0495	0.0506	0.0499	0.0503	0.0491	0.0488	0.0515	0.0507	0.0506	0.05	0.0501	0.0498	0.0491	seq_15893_35
0.051	0.0488	0.0503	0.0497	0.0503	0.0497	0.0501	0.0492	0.0507	0.05	0.0491	0.0506	0.0504	0.0499	0.0501	0.0501	0.0508	0.0495	0.0494	0.0503	seq_15893_33
0.0516	0.05	0.05	0.0492	0.051	0.0486	0.0509	0.0496	0.0501	0.0497	0.0491	0.0507	0.0502	0.0498	0.0495	0.0506	0.0508	0.0486	0.0508	0.0493	seq_15893_36
0.0508	0.0502	0.0498	0.0496	0.0493	0.0492	0.0495	0.05	0.0491	0.0501	0.0509	0.0503	0.0501	0.0499	0.0513	0.0506	0.0501	0.0493	0.0502	0.0499	seq_15893_37
0.0525	0.0515	0.0494	0.0492	0.0497	0.0498	0.0497	0.0484	0.0505	0.0495	0.0493	0.0479	0.0505	0.0502	0.0513	0.0496	0.0504	0.0509	0.0497	0.0499	seq_15893_38
0.0519	0.0483	0.0512	0.0489	0.051	0.0496	0.0508	0.0489	0.0507	0.0495	0.0503	0.0481	0.0492	0.0517	0.0491	0.0516	0.049	0.0513	0.0483	0.0508	seq_15893_39
0.0508	0.0495	0.0497	0.05	0.0496	0.0494	0.0493	0.0493	0.0505	0.0498	0.0503	0.0502	0.0504	0.0504	0.051	0.0507	0.0503	0.0491	0.0496	0.0498	seq_15893_40
0.0487	0.05	0.0494	0.0515	0.0503	0.0497	0.0483	0.0496	0.0505	0.0497	0.0495	0.0471	0.0509	0.0504	0.0506	0.0506	0.0512	0.0515	0.0503	0.0499	seq_15893_42
0.052	0.0497	0.0498	0.0503	0.05	0.0499	0.0501	0.0503	0.0496	0.0492	0.0504	0.0526	0.05	0.048	0.0491	0.0505	0.0508	0.0482	0.0494	0.0504	seq_15893_41
0.0519	0.05	0.0499	0.0503	0.0491	0.0493	0.0492	0.0499	0.05	0.0494	0.0504	0.0501	0.0503	0.0508	0.0499	0.0511	0.0494	0.0494	0.0497	0.05	seq_15893_43
0.0516	0.0501	0.0498	0.0494	0.05	0.0504	0.05	0.0502	0.0503	0.0495	0.0504	0.0492	0.0495	0.0512	0.0493	0.0505	0.05	0.0485	0.0497	0.0504	seq_15893_44
0.0517	0.0496	0.0495	0.0496	0.0493	0.0498	0.0492	0.0499	0.0493	0.0487	0.0498	0.0484	0.0506	0.0519	0.0503	0.0507	0.0515	0.0505	0.0502	0.0493	seq_15893_45
0.0501	0.0513	0.05	0.0496	0.0488	0.0475	0.0482	0.0477	0.0491	0.05	0.0504	0.0483	0.0508	0.0513	0.0517	0.0507	0.0521	0.0515	0.0505	0.0504	seq_15893_46
0.0506	0.0495	0.0496	0.0499	0.0503	0.05	0.0499	0.0494	0.0505	0.0505	0.0493	0.0504	0.0505	0.0497	0.0496	0.0502	0.0513	0.0492	0.0495	0.05	seq_15893_47
0.0511	0.049	0.0507	0.0506	0.0497	0.0498	0.0498	0.0505	0.0494	0.0488	0.0496	0.0487	0.0508	0.0519	0.0517	0.0503	0.0499	0.0501	0.0486	0.049	seq_15893_48
0.0512	0.0498	0.0473	0.0512	0.05	0.0512	0.0501	0.049	0.0489	0.0493	0.049	0.0494	0.0511	0.0515	0.0505	0.0493	0.0505	0.0495	0.0499	0.0513	seq_15893_49
0.0497	0.0497	0.0507	0.0488	0.0491	0.0494	0.0498	0.0514	0.0501	0.0492	0.0492	0.0463	0.0456	0.0514	0.0528	0.0513	0.0527	0.0504	0.0518	0.0509	seq_15893_50
0.0507	0.0497	0.0494	0.0499	0.0504	0.05	0.0492	0.0499	0.0506	0.0496	0.0494	0.05	0.0501	0.0499	0.0498	0.0503	0.0514	0.0494	0.0497	0.0505	seq_15893_51
0.0513	0.0509	0.0509	0.0489	0.0501	0.0502	0.0489	0.0504	0.0495	0.049	0.0502	0.0509	0.0497	0.0478	0.0519	0.0507	0.0487	0.0507	0.0506	0.0487	seq_15893_52
0.0484	0.0496	0.0495	0.0497	0.0496	0.0499	0.0503	0.0497	0.0505	0.0499	0.0499	0.0505	0.0504	0.0494	0.0512	0.0517	0.051	0.0501	0.0495	0.0492	seq_15893_53
0.0491	0.0497	0.05	0.05	0.0496	0.0501	0.0489	0.0503	0.0503	0.0489	0.0501	0.051	0.0499	0.0504	0.0495	0.0513	0.0513	0.0491	0.0509	0.0495	seq_15893_54
0.0502	0.0493	0.0505	0.051	0.0508	0.0499	0.0503	0.0494	0.0498	0.0498	0.0493	0.0488	0.0502	0.0511	0.05	0.0511	0.0496	0.0501	0.049	0.0498	seq_15893_55
0.0511	0.0497	0.0509	0.0503	0.05	0.0498	0.0502	0.0498	0.0502	0.0494	0.0497	0.0488	0.0503	0.051	0.0505	0.0511	0.049	0.0497	0.0489	0.0498	seq_15893_56
0.0507	0.0498	0.0496	0.049	0.0494	0.0499	0.0491	0.0501	0.0499	0.0498	0.0506	0.0504	0.0505	0.0505	0.0512	0.0503	0.0502	0.0486	0.05	0.0506	seq_15893_57
0.0508	0.0499	0.0499	0.05	0.0497	0.049	0.0493	0.0497	0.0499	0.0504	0.0501	0.05	0.0502	0.0504	0.051	0.0506	0.0505	0.049	0.0498	0.0501	seq_15893_58
0.0513	0.0497	0.05	0.0486	0.0486	0.0501	0.05	0.0489	0.0506	0.0493	0.0496	0.0502	0.05	0.0509	0.0521	0.0502	0.0505	0.0491	0.0505	0.0497	seq_15893_59
0.0507	0.0499	0.0492	0.0491	0.0493	0.0499	0.0492	0.0499	0.05	0.0502	0.0502	0.0504	0.0501	0.0505	0.0509	0.0507	0.0503	0.0489	0.0499	0.0504	seq_15893_60
0.0506	0.0498	0.0493	0.049	0.0493	0.0499	0.0493	0.05	0.0498	0.0503	0.0503	0.0504	0.0503	0.0506	0.0508	0.0507	0.0506	0.0489	0.0498	0.0502	seq_15893_61
0.0507	0.0497	0.0491	0.0489	0.0495	0.0497	0.0499	0.0506	0.0503	0.0502	0.0506	0.0498	0.0491	0.0498	0.0509	0.0509	0.0503	0.0504	0.0505	0.0493	seq_15893_62
0.0509	0.0493	0.0494	0.0491	0.0495	0.0496	0.05	0.0496	0.0496	0.0504	0.0498	0.0501	0.0495	0.0514	0.0507	0.051	0.0502	0.0506	0.0494	0.05	seq_15893_63
0.0512	0.0499	0.05	0.0499	0.0496	0.0491	0.0487	0.0496	0.0498	0.05	0.0508	0.0502	0.0503	0.05	0.0509	0.0507	0.0504	0.0493	0.0496	0.0501	seq_15893_64
0.0514	0.0497	0.0496	0.0501	0.0488	0.0499	0.0491	0.0497	0.0496	0.0499	0.0504	0.0505	0.05	0.0509	0.0509	0.051	0.0497	0.049	0.0499	0.05	seq_15893_66
0.051	0.0493	0.0496	0.0494	0.0499	0.0497	0.0493	0.0495	0.0496	0.0501	0.0497	0.0501	0.0495	0.0516	0.0508	0.0506	0.0499	0.0508	0.0496	0.0499	seq_15893_65
0.0505	0.0501	0.0493	0.0496	0.0497	0.0502	0.05	0.0499	0.0498	0.05	0.0497	0.05	0.0499	0.0501	0.0509	0.0496	0.0506	0.0498	0.0498	0.0506	seq_15893_67
0.0511	0.0494	0.0504	0.0506	0.0501	0.0495	0.0496	0.0497	0.0493	0.0495	0.051	0.0508	0.0498	0.0507	0.0503	0.0497	0.0503	0.0501	0.0494	0.0487	seq_15893_68
0.0505	0.0497	0.0496	0.0498	0.0494	0.05	0.0498	0.0504	0.0494	0.0503	0.0495	0.0505	0.0499	0.0504	0.0507	0.0505	0.0507	0.0496	0.0493	0.0498	seq_15893_69
0.0515	0.0501	0.0503	0.0504	0.0488	0.0498	0.049	0.0496	0.0496	0.0499	0.0507	0.0503	0.0495	0.0508	0.0505	0.0509	0.0502	0.049	0.0494	0.0498	seq_15893_70
0.05	0.0502	0.0498	0.0491	0.0495	0.0505	0.0492	0.05	0.0503	0.05	0.0499	0.0497	0.0499	0.0497	0.0505	0.0503	0.0496	0.051	0.0509	0.0501	seq_15893_71
0.0513	0.0497	0.05	0.0499	0.0495	0.0498	0.0492	0.0504	0.0497	0.0501	0.0502	0.0504	0.0498	0.0506	0.051	0.0505	0.0496	0.0492	0.0497	0.0494	seq_15893_72
0.0503	0.0502	0.0496	0.0509	0.0511	0.0495	0.0495	0.0488	0.0502	0.0498	0.0502	0.0479	0.0497	0.0511	0.0491	0.0508	0.0512	0.05	0.0502	0.0497	seq_15893_74
0.052	0.0515	0.0487	0.0501	0.0473	0.0508	0.0491	0.046	0.0503	0.0549	0.0451	0.05	0.0477	0.0521	0.0528	0.0497	0.0512	0.0512	0.0476	0.052	seq_15893_75
0.0513	0.0498	0.0502	0.0499	0.0496	0.0494	0.0494	0.0504	0.0498	0.0499	0.0501	0.0502	0.0498	0.0504	0.0509	0.0508	0.0497	0.0492	0.0498	0.0494	seq_15893_73
0.0507	0.0496	0.0501	0.0496	0.0502	0.0493	0.0492	0.0502	0.0499	0.0498	0.0498	0.0494	0.0497	0.0504	0.0515	0.0494	0.0504	0.0507	0.0498	0.0502	seq_15893_76
0.0502	0.0488	0.0489	0.05	0.0501	0.0497	0.0507	0.0502	0.0499	0.0487	0.0501	0.0499	0.0491	0.0518	0.0507	0.0516	0.0507	0.0507	0.0496	0.0486	seq_15893_77
0.0498	0.0496	0.0497	0.0504	0.0504	0.0496	0.0498	0.05	0.0494	0.0499	0.0498	0.051	0.0501	0.0508	0.0492	0.0507	0.0501	0.0492	0.0504	0.0504	seq_15893_78
0.0511	0.0498	0.0502	0.0501	0.0499	0.0495	0.0492	0.0504	0.0498	0.0499	0.0502	0.0505	0.0498	0.0503	0.0506	0.0507	0.0498	0.0494	0.0495	0.0493	seq_15893_79
0.052	0.0501	0.0497	0.0501	0.0491	0.0494	0.0492	0.0499	0.0498	0.0497	0.05	0.0506	0.0499	0.0507	0.0503	0.0512	0.0494	0.049	0.0498	0.05	seq_15893_80
0.0503	0.0489	0.0507	0.0504	0.0511	0.0503	0.0499	0.0501	0.0507	0.0497	0.0497	0.0488	0.0501	0.0511	0.0504	0.0511	0.0492	0.0505	0.0486	0.0483	seq_15893_83
0.0513	0.0516	0.0491	0.0506	0.0479	0.0519	0.0489	0.0492	0.0483	0.0497	0.05	0.0485	0.0499	0.0508	0.0506	0.05	0.0489	0.0511	0.0507	0.0509	seq_15893_81
0.0517	0.0504	0.05	0.05	0.0488	0.0498	0.0491	0.0498	0.0503	0.0495	0.0503	0.0502	0.0501	0.0506	0.0503	0.0505	0.0497	0.0493	0.0497	0.0497	seq_15893_82
0.0505	0.0492	0.0498	0.0498	0.0503	0.05	0.0497	0.0498	0.0501	0.0492	0.05	0.0476	0.0497	0.0498	0.0515	0.0496	0.0517	0.0506	0.0507	0.0503	seq_15893_84
0.0499	0.0499	0.0496	0.0497	0.0501	0.0493	0.0491	0.0496	0.0499	0.0503	0.0504	0.0512	0.0495	0.0499	0.0508	0.0505	0.0494	0.0502	0.0506	0.05	seq_15893_85
0.0524	0.0506	0.0493	0.0505	0.0497	0.0498	0.0506	0.0513	0.049	0.0513	0.0496	0.0482	0.0498	0.0489	0.0495	0.0511	0.0495	0.0502	0.0493	0.0492	seq_15893_86
0.0492	0.0499	0.05	0.0502	0.0488	0.0482	0.0489	0.0485	0.0499	0.0507	0.0505	0.0478	0.0518	0.0524	0.0517	0.0514	0.0509	0.05	0.0488	0.0503	seq_15893_87
0.0505	0.0498	0.0502	0.0497	0.0494	0.0488	0.0499	0.0497	0.0492	0.0504	0.0506	0.0499	0.0498	0.0499	0.0515	0.0507	0.0503	0.0495	0.0498	0.0504	seq_15893_88
0.0489	0.0517	0.0513	0.0484	0.0478	0.0499	0.0506	0.0505	0.0493	0.0488	0.0492	0.0512	0.0494	0.0538	0.0516	0.0489	0.0477	0.0482	0.0509	0.0517	seq_15893_92
0.0515	0.05	0.0495	0.0501	0.0492	0.0495	0.0501	0.0505	0.0493	0.0505	0.0502	0.0494	0.0505	0.0497	0.05	0.0507	0.0493	0.0499	0.0496	0.0503	seq_15893_90
0.0514	0.0493	0.05	0.0503	0.0491	0.0497	0.0487	0.0502	0.0503	0.0499	0.0505	0.0505	0.0499	0.0507	0.0508	0.0506	0.0493	0.049	0.0494	0.0505	seq_15893_89
0.0537	0.0507	0.0483	0.0498	0.0496	0.0488	0.0511	0.047	0.0514	0.0481	0.0492	0.0462	0.0491	0.0535	0.0507	0.0523	0.0509	0.0509	0.0493	0.0494	seq_15893_91
0.0506	0.0495	0.0509	0.0493	0.0514	0.0489	0.0491	0.0495	0.051	0.0499	0.0494	0.0513	0.0506	0.0509	0.0491	0.0497	0.0501	0.0503	0.0491	0.0495	seq_15893_93
0.0508	0.0492	0.0518	0.0491	0.0521	0.0509	0.0488	0.0513	0.0499	0.0449	0.0497	0.0531	0.0509	0.0487	0.0535	0.0526	0.0487	0.0523	0.049	0.0428	seq_15893_94
0.054	0.0499	0.0492	0.0474	0.0486	0.0515	0.0489	0.0446	0.0522	0.0519	0.0475	0.0507	0.0486	0.0491	0.0534	0.0502	0.0514	0.0508	0.0474	0.0527	seq_15893_95
0.0514	0.0491	0.0499	0.0495	0.0502	0.0496	0.0495	0.0496	0.0496	0.05	0.0495	0.0492	0.0493	0.0514	0.0512	0.0504	0.0509	0.0502	0.0499	0.0496	seq_15893_96
0.0504	0.0507	0.0494	0.0496	0.0489	0.0497	0.0501	0.0494	0.0506	0.0498	0.0498	0.0477	0.0505	0.0498	0.0511	0.0503	0.0506	0.051	0.0503	0.0503	seq_15893_98
0.051	0.0497	0.05	0.0494	0.0498	0.049	0.049	0.0497	0.0492	0.0503	0.0507	0.0502	0.0501	0.05	0.0514	0.0507	0.0502	0.0495	0.0495	0.0505	seq_15893_99
0.0505	0.0499	0.0504	0.0494	0.0496	0.0492	0.0506	0.0494	0.0506	0.0498	0.0491	0.0505	0.0493	0.0507	0.05	0.0508	0.0499	0.0497	0.0504	0.0505	seq_15893_97
0.0512	0.0492	0.0497	0.0491	0.0504	0.05	0.0496	0.0507	0.0491	0.0499	0.05	0.0494	0.0497	0.0501	0.0507	0.0506	0.0502	0.0502	0.0503	0.0499	seq_15893_100
0.0502	0.0499	0.049	0.049	0.05	0.0497	0.0495	0.0504	0.05	0.0499	0.0507	0.0527	0.0501	0.0498	0.0494	0.0505	0.0508	0.0496	0.049	0.0497	seq_15893_102
0.0521	0.0497	0.0511	0.0492	0.0496	0.0487	0.0496	0.0489	0.0495	0.0492	0.0489	0.0474	0.0502	0.0516	0.0511	0.0515	0.0517	0.0499	0.0498	0.0505	seq_15893_101
0.0506	0.0502	0.0497	0.0497	0.0496	0.0495	0.0503	0.0499	0.0499	0.05	0.0506	0.0499	0.0499	0.0506	0.0502	0.0495	0.05	0.0498	0.0498	0.0502	seq_15893_103
0.0504	0.0497	0.0501	0.0496	0.0498	0.0495	0.0498	0.0498	0.05	0.0502	0.0497	0.0515	0.0498	0.0501	0.0496	0.0501	0.0502	0.0497	0.0502	0.0501	seq_15893_104
0.0518	0.05	0.0501	0.0495	0.0489	0.0494	0.0493	0.0493	0.0509	0.0489	0.0494	0.0499	0.0484	0.0514	0.0495	0.0513	0.0503	0.0509	0.0499	0.0509	seq_15893_109
0.0499	0.0481	0.0517	0.049	0.0541	0.0525	0.0493	0.0526	0.0489	0.0424	0.0483	0.0543	0.0514	0.0489	0.0555	0.0537	0.0489	0.0541	0.0482	0.0384	seq_15893_105
0.0499	0.0501	0.0501	0.0496	0.0503	0.0491	0.049	0.0501	0.0499	0.0501	0.0497	0.0495	0.0498	0.0508	0.0512	0.051	0.0502	0.0506	0.0496	0.0494	seq_15893_106
0.0493	0.0495	0.0494	0.0488	0.0496	0.0497	0.0495	0.0503	0.0502	0.0503	0.0501	0.0492	0.05	0.051	0.0508	0.051	0.0509	0.0504	0.0504	0.0495	seq_15893_107
0.0512	0.05	0.0497	0.0503	0.0504	0.0494	0.0497	0.0506	0.0498	0.0495	0.0499	0.0522	0.0503	0.049	0.0486	0.0505	0.0506	0.0483	0.0498	0.05	seq_15893_108
0.0492	0.0498	0.0495	0.0515	0.0511	0.0504	0.0488	0.0494	0.0507	0.0495	0.0495	0.0472	0.0505	0.0495	0.0505	0.0508	0.0503	0.0509	0.0508	0.05	seq_15893_110
0.0512	0.0499	0.05	0.0498	0.0488	0.0495	0.0494	0.0497	0.0491	0.0511	0.0508	0.0502	0.0492	0.0513	0.0502	0.0508	0.0499	0.0495	0.0497	0.0498	seq_15893_112
0.0513	0.0495	0.051	0.0498	0.0513	0.0499	0.0497	0.0503	0.0496	0.0502	0.05	0.0483	0.0495	0.0516	0.0486	0.0503	0.0492	0.0506	0.0486	0.0507	seq_15893_111
0.0513	0.0502	0.0498	0.0503	0.05	0.05	0.0492	0.0499	0.0493	0.0492	0.0502	0.0508	0.0496	0.0503	0.0502	0.0498	0.0502	0.0495	0.0503	0.0496	seq_15893_113
0.0509	0.0503	0.0501	0.0503	0.0487	0.0492	0.0493	0.0495	0.0497	0.05	0.0508	0.0506	0.0499	0.0499	0.0509	0.0505	0.05	0.0495	0.0498	0.0499	seq_15893_114
0.0499	0.0516	0.0513	0.0514	0.049	0.0488	0.0498	0.0491	0.0502	0.0488	0.0516	0.0479	0.0495	0.0507	0.0513	0.0498	0.0496	0.049	0.0495	0.0511	seq_15893_116
0.0513	0.0502	0.0501	0.0503	0.0503	0.0493	0.0497	0.0489	0.0484	0.0497	0.0495	0.048	0.0498	0.0517	0.0508	0.0509	0.051	0.0502	0.0494	0.0504	seq_15893_117
0.0513	0.0488	0.0501	0.0501	0.0507	0.0496	0.0488	0.0496	0.0491	0.0481	0.0504	0.0504	0.0492	0.0517	0.0521	0.0514	0.0495	0.0512	0.0494	0.0486	seq_15893_115
0.0516	0.0498	0.0502	0.0501	0.0492	0.0496	0.0496	0.0496	0.0498	0.0497	0.0501	0.0505	0.0498	0.05	0.0503	0.0509	0.05	0.0489	0.0501	0.05	seq_15893_118
0.0516	0.0495	0.0503	0.0503	0.0493	0.0494	0.0497	0.0496	0.0496	0.05	0.0499	0.0502	0.0497	0.0501	0.0504	0.0509	0.0501	0.0491	0.0502	0.0499	seq_15893_119
0.0507	0.0499	0.0497	0.0501	0.0497	0.0484	0.0486	0.0501	0.0493	0.0505	0.0506	0.0506	0.0504	0.0505	0.0507	0.0504	0.0503	0.0493	0.0499	0.0504	seq_15893_120
0.0507	0.0497	0.0498	0.0501	0.0494	0.0485	0.0486	0.0499	0.0494	0.0506	0.0506	0.0507	0.0504	0.0503	0.0508	0.0506	0.0504	0.0491	0.05	0.0505	seq_15893_121
0.052	0.0503	0.0497	0.049	0.0496	0.0486	0.05	0.0509	0.0513	0.0509	0.0493	0.0483	0.0475	0.0532	0.0517	0.051	0.048	0.0503	0.0482	0.0503	seq_15893_124
0.0501	0.0492	0.0501	0.05	0.0508	0.0492	0.0501	0.0505	0.05	0.0492	0.0503	0.0511	0.0501	0.0497	0.0492	0.0507	0.0514	0.05	0.0493	0.0489	seq_15893_123
0.052	0.0489	0.0498	0.0493	0.05	0.0493	0.0495	0.0493	0.0489	0.0492	0.0497	0.0493	0.05	0.0508	0.0513	0.0504	0.0507	0.0503	0.0508	0.0506	seq_15893_125
0.0508	0.0507	0.0498	0.0507	0.0494	0.0503	0.05	0.0498	0.0501	0.0497	0.0491	0.0501	0.0502	0.0502	0.05	0.0505	0.0493	0.0492	0.05	0.0501	seq_15893_122
0.0475	0.0506	0.0519	0.0533	0.0513	0.0485	0.0485	0.0475	0.0464	0.0464	0.0494	0.0484	0.0519	0.0516	0.0511	0.0514	0.0547	0.0522	0.0489	0.0486	seq_15893_126
0.0498	0.0503	0.0507	0.0494	0.0511	0.0499	0.0498	0.0493	0.0506	0.0491	0.0494	0.0467	0.051	0.0493	0.0504	0.0507	0.0498	0.0521	0.0496	0.0511	seq_15893_127
0.0504	0.0505	0.0502	0.05	0.0508	0.05	0.0489	0.0499	0.0497	0.0491	0.0494	0.0495	0.051	0.0495	0.0505	0.0506	0.0502	0.0501	0.0502	0.0497	seq_15893_128
0.0501	0.0506	0.0494	0.0503	0.0511	0.0498	0.0505	0.0487	0.0491	0.0499	0.0501	0.0512	0.0501	0.0494	0.0501	0.0504	0.0509	0.0498	0.0494	0.0492	seq_15893_129
0.0523	0.0492	0.0491	0.0485	0.0506	0.05	0.0502	0.0496	0.0508	0.0494	0.0498	0.0479	0.0505	0.0514	0.0515	0.05	0.0518	0.0494	0.0497	0.0484	seq_15893_135
0.0534	0.0503	0.0482	0.0505	0.0476	0.0496	0.0496	0.0502	0.0496	0.0502	0.05	0.047	0.0506	0.051	0.0488	0.0533	0.0513	0.0497	0.0494	0.0497	seq_15893_131
0.0515	0.0498	0.0504	0.05	0.0487	0.0494	0.049	0.0496	0.0496	0.0501	0.0507	0.0503	0.0495	0.0504	0.0511	0.0507	0.0502	0.0494	0.05	0.0497	seq_15893_130
0.049	0.0487	0.0499	0.05	0.0499	0.0498	0.0501	0.0502	0.0501	0.0501	0.0496	0.0499	0.0501	0.0518	0.0511	0.0504	0.0501	0.0496	0.0507	0.0489	seq_15893_132
0.0508	0.0502	0.0502	0.049	0.0499	0.0503	0.0493	0.0504	0.0492	0.0504	0.0496	0.0497	0.0497	0.0505	0.0502	0.0509	0.0495	0.0499	0.0501	0.0501	seq_15893_133
0.0521	0.0497	0.0515	0.0481	0.0502	0.0476	0.0505	0.0487	0.0471	0.0488	0.0511	0.0482	0.0497	0.0542	0.0533	0.0534	0.049	0.0504	0.0468	0.0493	seq_15893_134
0.0516	0.0498	0.0499	0.0504	0.0488	0.0497	0.0497	0.0497	0.0491	0.0501	0.0506	0.0503	0.0496	0.0509	0.0503	0.0511	0.0501	0.0492	0.049	0.0499	seq_15893_137
0.0515	0.0527	0.0481	0.0477	0.0473	0.0511	0.046	0.0506	0.051	0.0505	0.0477	0.0489	0.0503	0.0541	0.0506	0.0509	0.051	0.0486	0.0502	0.0512	seq_15893_136
0.0523	0.0497	0.0513	0.0487	0.0505	0.0477	0.0505	0.0484	0.0474	0.049	0.0516	0.048	0.0495	0.0541	0.0531	0.0539	0.049	0.0507	0.0465	0.0483	seq_15893_138
0.0493	0.0494	0.0492	0.051	0.0509	0.0491	0.049	0.049	0.0506	0.0504	0.0495	0.0475	0.0503	0.0498	0.0519	0.0504	0.0505	0.0515	0.0504	0.0502	seq_15893_140
0.0512	0.0497	0.0496	0.05	0.0498	0.0489	0.0494	0.0496	0.0502	0.0502	0.05	0.0501	0.0503	0.0505	0.0505	0.051	0.0499	0.0491	0.0498	0.0502	seq_15893_139
0.051	0.0494	0.05	0.0499	0.0495	0.0487	0.0497	0.05	0.0498	0.0504	0.0502	0.0503	0.0499	0.0505	0.0506	0.0499	0.0503	0.0491	0.0504	0.0504	seq_15893_141
0.0508	0.0491	0.0502	0.0502	0.0496	0.0488	0.0497	0.0496	0.0494	0.0509	0.0501	0.0502	0.0498	0.0505	0.0509	0.0501	0.0503	0.0491	0.0501	0.0505	seq_15893_142
0.0509	0.0495	0.0501	0.0504	0.0494	0.0488	0.0501	0.0492	0.0494	0.0508	0.05	0.05	0.0497	0.0508	0.051	0.0503	0.05	0.0491	0.0501	0.0505	seq_15893_143
0.0535	0.0526	0.05	0.0481	0.0514	0.049	0.0482	0.0496	0.0479	0.0484	0.0498	0.048	0.049	0.0509	0.0523	0.0499	0.0516	0.0506	0.0504	0.0488	seq_15893_144
0.0504	0.0496	0.0496	0.0493	0.05	0.0496	0.0502	0.0498	0.0501	0.0498	0.0503	0.0491	0.0502	0.0506	0.0499	0.0503	0.0503	0.0506	0.0501	0.0501	seq_15893_145
0.0512	0.05	0.0503	0.0501	0.0488	0.05	0.0491	0.0499	0.0492	0.0505	0.05	0.0505	0.0499	0.0503	0.0503	0.051	0.0497	0.0492	0.05	0.0499	seq_15893_146
0.0508	0.0487	0.0493	0.0508	0.05	0.05	0.0496	0.0503	0.0498	0.05	0.0504	0.0499	0.0486	0.0505	0.0507	0.0512	0.051	0.0495	0.0496	0.0494	seq_15893_147
0.0509	0.0496	0.0497	0.0495	0.0495	0.0497	0.0493	0.0493	0.05	0.0498	0.0506	0.0505	0.0502	0.0509	0.051	0.0511	0.0497	0.049	0.05	0.0498	seq_15893_148
0.0496	0.0497	0.0505	0.0495	0.0497	0.0502	0.0491	0.0504	0.0497	0.0495	0.0496	0.0489	0.0499	0.0521	0.0504	0.0513	0.0499	0.0497	0.0498	0.0505	seq_15893_149
0.0508	0.0496	0.0498	0.049	0.0494	0.0497	0.0493	0.0495	0.0501	0.0497	0.0507	0.0507	0.0504	0.051	0.051	0.0511	0.0497	0.0488	0.0498	0.0498	seq_15893_150
0.0514	0.0503	0.0499	0.0498	0.0491	0.0495	0.0495	0.0499	0.0494	0.0498	0.0503	0.0505	0.0495	0.0507	0.0506	0.0506	0.0496	0.0496	0.0501	0.0501	seq_15893_152
0.0513	0.0511	0.0485	0.0485	0.0493	0.0492	0.0515	0.0495	0.05	0.0486	0.0491	0.0503	0.05	0.0525	0.0532	0.0484	0.0492	0.0486	0.0503	0.0508	seq_15893_151
0.0502	0.0503	0.0495	0.0498	0.0499	0.0491	0.0491	0.049	0.05	0.0508	0.0498	0.051	0.0501	0.0504	0.0508	0.0504	0.0495	0.0502	0.0496	0.0505	seq_15893_153
0.0525	0.0484	0.0505	0.0485	0.0509	0.0486	0.0507	0.0482	0.051	0.0485	0.0511	0.0463	0.0484	0.0525	0.0488	0.0528	0.0491	0.0524	0.0493	0.0515	seq_15893_154
0.0504	0.0502	0.0497	0.0491	0.0495	0.0502	0.0491	0.0502	0.0494	0.0498	0.0502	0.0487	0.0493	0.051	0.0497	0.0506	0.051	0.0512	0.0507	0.05	seq_15893_155
0.0512	0.0498	0.0497	0.0498	0.0498	0.0487	0.0492	0.0498	0.05	0.0503	0.0503	0.0503	0.05	0.0504	0.051	0.051	0.0499	0.0489	0.05	0.0501	seq_15893_156
0.0509	0.0493	0.0496	0.0502	0.0502	0.0498	0.0497	0.05	0.0503	0.0497	0.0498	0.0476	0.0493	0.0502	0.0517	0.0495	0.0517	0.05	0.0504	0.0502	seq_15893_157
0.0515	0.0501	0.0497	0.0502	0.0493	0.0494	0.0496	0.0493	0.0499	0.0507	0.0503	0.0508	0.0492	0.0504	0.0505	0.051	0.0496	0.0492	0.0498	0.0497	seq_15893_158
0.0508	0.0502	0.05	0.05	0.0487	0.0495	0.0494	0.0496	0.0493	0.0499	0.051	0.0509	0.0497	0.0498	0.0511	0.0511	0.0499	0.0496	0.0498	0.0499	seq_15893_159
0.051	0.0498	0.0501	0.049	0.0499	0.0494	0.0492	0.0492	0.0495	0.0498	0.0505	0.0503	0.0506	0.0505	0.0509	0.0507	0.05	0.0492	0.0498	0.0506	seq_15893_160
0.0517	0.0499	0.05	0.0505	0.0487	0.05	0.0492	0.0499	0.049	0.0503	0.0507	0.0509	0.0496	0.0505	0.0501	0.0499	0.0498	0.0492	0.0497	0.0502	seq_15893_161
0.0508	0.0498	0.05	0.0492	0.0497	0.0495	0.0492	0.0495	0.0494	0.05	0.0503	0.0503	0.0506	0.0507	0.0511	0.0509	0.05	0.0493	0.0494	0.0503	seq_15893_162
0.051	0.0496	0.0495	0.0492	0.0499	0.0504	0.0504	0.0501	0.0489	0.0502	0.0499	0.0496	0.0498	0.051	0.0507	0.0503	0.0504	0.0498	0.05	0.0494	seq_15893_165
0.051	0.0496	0.05	0.0492	0.0499	0.0494	0.0492	0.0491	0.0493	0.0501	0.0505	0.0503	0.0507	0.0506	0.0509	0.0509	0.0498	0.0492	0.0496	0.0506	seq_15893_163
0.0505	0.0499	0.05	0.0503	0.0495	0.0492	0.049	0.05	0.0494	0.0496	0.0502	0.0508	0.0504	0.0501	0.0511	0.0506	0.0508	0.0485	0.0498	0.0501	seq_15893_166
0.0491	0.0499	0.0496	0.0493	0.0494	0.0501	0.0495	0.0498	0.0498	0.0507	0.0503	0.049	0.0492	0.0512	0.0511	0.0506	0.0507	0.0503	0.0504	0.05	seq_15893_164
0.0507	0.0498	0.0499	0.0501	0.0498	0.049	0.0487	0.0498	0.0493	0.0511	0.0505	0.0509	0.05	0.0499	0.0509	0.0501	0.05	0.0493	0.05	0.0502	seq_15893_168
0.0517	0.0498	0.0499	0.0501	0.0492	0.0497	0.0489	0.0497	0.0505	0.0494	0.0499	0.0501	0.0505	0.0508	0.05	0.0514	0.0494	0.0494	0.0497	0.05	seq_15893_167
0.0507	0.0501	0.0496	0.0503	0.0506	0.0497	0.0491	0.0502	0.0493	0.0497	0.0498	0.05	0.0497	0.0507	0.0493	0.0505	0.0506	0.0497	0.0503	0.05	seq_15893_169
0.0507	0.0503	0.05	0.0517	0.0504	0.0485	0.0492	0.0488	0.0479	0.05	0.0498	0.0484	0.0497	0.0513	0.0507	0.0512	0.0509	0.0503	0.0492	0.051	seq_15893_170
0.0515	0.0511	0.0508	0.0493	0.0504	0.0497	0.0484	0.0505	0.0497	0.0496	0.0501	0.0509	0.0497	0.047	0.052	0.0506	0.0484	0.0507	0.0508	0.0488	seq_15893_172
0.0517	0.05	0.0499	0.0501	0.049	0.0496	0.0489	0.0499	0.0501	0.0496	0.0502	0.0502	0.0502	0.0511	0.0503	0.0511	0.0495	0.0493	0.0494	0.0497	seq_15893_171
0.0513	0.0496	0.0497	0.0498	0.0496	0.0497	0.0498	0.0499	0.0499	0.0495	0.0507	0.0511	0.0491	0.0497	0.0507	0.0499	0.0505	0.0499	0.0501	0.0495	seq_15893_173
0.0517	0.049	0.0493	0.0493	0.0496	0.0491	0.0492	0.0498	0.05	0.0495	0.05	0.05	0.0496	0.0508	0.0514	0.0503	0.0499	0.0507	0.0504	0.0501	seq_15893_174
0.0522	0.0519	0.0499	0.0495	0.0485	0.0495	0.0464	0.0488	0.049	0.0518	0.0487	0.0483	0.0519	0.0556	0.0489	0.0514	0.0478	0.0519	0.0466	0.0515	seq_15893_175
0.0495	0.0503	0.0488	0.05	0.0496	0.0504	0.051	0.05	0.0504	0.0507	0.05	0.048	0.0495	0.0507	0.0492	0.0496	0.0513	0.0502	0.0511	0.05	seq_15893_176
0.0514	0.0501	0.0501	0.0501	0.0486	0.0496	0.0493	0.0499	0.0493	0.0502	0.0505	0.0507	0.0489	0.051	0.0507	0.0508	0.0499	0.0495	0.0495	0.0501	seq_15893_177
0.0507	0.0499	0.0502	0.0508	0.0499	0.0495	0.0489	0.0495	0.0506	0.0491	0.0498	0.0469	0.0491	0.0499	0.05	0.0502	0.0515	0.052	0.0505	0.051	seq_15893_178
0.051	0.0508	0.0505	0.0497	0.0493	0.0495	0.05	0.0486	0.0487	0.0484	0.0503	0.0483	0.0499	0.052	0.0501	0.051	0.0509	0.0504	0.0502	0.0508	seq_15893_180
0.0513	0.0503	0.0504	0.0497	0.0498	0.0503	0.0498	0.0498	0.0493	0.0496	0.0501	0.0493	0.0492	0.0502	0.0502	0.0508	0.0504	0.0493	0.0502	0.0501	seq_15893_179
0.0499	0.0493	0.0491	0.0502	0.0497	0.0505	0.0494	0.0491	0.05	0.0504	0.0502	0.0507	0.0503	0.0508	0.05	0.0506	0.0506	0.0497	0.0496	0.0498	seq_15893_181
0.0522	0.0517	0.0497	0.0496	0.0485	0.0496	0.0462	0.0488	0.0493	0.0516	0.0488	0.0483	0.0519	0.0554	0.0491	0.0514	0.0478	0.0519	0.0466	0.0515	seq_15893_182
0.0502	0.0498	0.0499	0.0498	0.0496	0.0492	0.0501	0.05	0.0498	0.0496	0.0499	0.0497	0.0499	0.0497	0.0508	0.051	0.0503	0.0509	0.0503	0.0495	seq_15893_183
0.0514	0.0498	0.0503	0.0493	0.0487	0.0499	0.0493	0.0495	0.0499	0.0503	0.051	0.0503	0.0501	0.0502	0.0515	0.0509	0.0495	0.0487	0.0496	0.0498	seq_15893_184
0.0514	0.0494	0.0503	0.0499	0.0492	0.05	0.0497	0.0497	0.0487	0.0503	0.0507	0.0502	0.0497	0.0505	0.0506	0.0507	0.0505	0.0493	0.0494	0.05	seq_15893_185
0.051	0.05	0.0496	0.0493	0.0495	0.0497	0.0494	0.0496	0.0495	0.0498	0.0505	0.0505	0.0503	0.0507	0.0511	0.051	0.0494	0.0493	0.05	0.0498	seq_15893_186
0.0511	0.0492	0.0498	0.0498	0.0491	0.0499	0.0499	0.0501	0.0494	0.0505	0.0506	0.0505	0.0496	0.0501	0.0507	0.0502	0.0501	0.0494	0.0502	0.0498	seq_15893_187
0.051	0.0499	0.0502	0.0494	0.0489	0.0497	0.0497	0.0499	0.0493	0.0502	0.0499	0.0504	0.0494	0.0505	0.0504	0.0506	0.0503	0.05	0.0503	0.0499	seq_15893_188
0.051	0.0498	0.0503	0.0501	0.0486	0.0494	0.0496	0.0494	0.0492	0.0507	0.051	0.0508	0.0498	0.0507	0.0502	0.0503	0.0495	0.0499	0.05	0.0497	seq_15893_189
0.0511	0.0497	0.0503	0.0501	0.0486	0.0493	0.0496	0.0496	0.0493	0.0507	0.051	0.0508	0.0497	0.0507	0.0501	0.0501	0.0496	0.05	0.0499	0.0497	seq_15893_190
0.0527	0.0441	0.0515	0.0497	0.05	0.0493	0.0494	0.0513	0.0517	0.0504	0.048	0.051	0.0465	0.0516	0.0528	0.0482	0.0521	0.0496	0.0501	0.0499	seq_15893_191
0.0515	0.0489	0.0506	0.049	0.0512	0.0497	0.0505	0.0483	0.0508	0.0494	0.0502	0.0488	0.0498	0.0515	0.0493	0.051	0.0498	0.0508	0.0491	0.0499	seq_15893_192
0.0511	0.0502	0.0496	0.0488	0.05	0.0488	0.0481	0.0488	0.0489	0.0491	0.0503	0.0499	0.0506	0.0506	0.0499	0.051	0.052	0.0495	0.0518	0.051	seq_15893_193
0.0503	0.0502	0.0492	0.0507	0.0501	0.0499	0.0492	0.0495	0.0494	0.0498	0.0495	0.0505	0.0506	0.0503	0.05	0.0505	0.0499	0.0499	0.0505	0.0502	seq_15893_194
0.0505	0.0499	0.0487	0.0509	0.049	0.0496	0.0483	0.05	0.0503	0.0499	0.0507	0.0511	0.0505	0.0506	0.0506	0.0504	0.0499	0.0491	0.0498	0.0504	seq_15893_195
0.0529	0.0494	0.049	0.0496	0.0494	0.0496	0.0505	0.0488	0.0496	0.0496	0.0503	0.0496	0.049	0.0513	0.0512	0.0506	0.0512	0.0497	0.0498	0.0487	seq_15893_196
0.0517	0.0488	0.0502	0.0497	0.049	0.0491	0.0496	0.0505	0.05	0.0503	0.0494	0.0519	0.0488	0.0498	0.0507	0.05	0.0507	0.0497	0.05	0.0501	seq_15893_198
0.0513	0.0499	0.0504	0.0497	0.0491	0.0496	0.0492	0.05	0.0493	0.0505	0.0501	0.0505	0.0491	0.0511	0.0506	0.0508	0.05	0.0492	0.0501	0.0495	seq_15893_197
0.0511	0.0503	0.0506	0.0489	0.0501	0.0498	0.0492	0.0498	0.0494	0.0488	0.0501	0.0516	0.0498	0.0502	0.0498	0.0506	0.0505	0.0494	0.0503	0.0498	seq_15893_200
0.0514	0.0501	0.0505	0.0496	0.0489	0.0496	0.0492	0.05	0.0493	0.0504	0.0503	0.0505	0.0492	0.0511	0.0506	0.0509	0.0498	0.049	0.0501	0.0495	seq_15893_199
0.0496	0.0505	0.0494	0.0484	0.0498	0.0504	0.0497	0.0501	0.0497	0.05	0.0495	0.0518	0.0497	0.0513	0.0501	0.0514	0.0504	0.0491	0.0489	0.0503	seq_15893_201
0.0508	0.0495	0.0503	0.0499	0.0496	0.0496	0.0497	0.0497	0.0491	0.0501	0.0494	0.0505	0.0501	0.0508	0.0514	0.0503	0.0498	0.0501	0.0501	0.0491	seq_15893_202
0.0511	0.0499	0.0497	0.0501	0.0491	0.0494	0.0496	0.0497	0.0492	0.0502	0.0505	0.0509	0.0497	0.0505	0.0506	0.0504	0.0499	0.0494	0.0503	0.0498	seq_15893_203
0.051	0.05	0.0501	0.0495	0.0493	0.0498	0.0501	0.0492	0.0502	0.0499	0.0492	0.0513	0.05	0.0503	0.0512	0.05	0.0499	0.0497	0.0496	0.0498	seq_15893_204
0.0506	0.0496	0.0499	0.0503	0.0494	0.0495	0.0493	0.0498	0.0505	0.0504	0.0495	0.05	0.0497	0.05	0.0508	0.0503	0.0504	0.05	0.0497	0.0503	seq_15893_205
0.0498	0.0495	0.0498	0.049	0.0502	0.0501	0.0488	0.0497	0.0497	0.0493	0.0497	0.0514	0.0499	0.0511	0.0493	0.0499	0.0519	0.05	0.05	0.0507	seq_15893_206
0.0505	0.0499	0.0495	0.0498	0.0503	0.0495	0.0497	0.0492	0.0503	0.05	0.0498	0.0505	0.0502	0.0512	0.0489	0.0506	0.0498	0.0494	0.0503	0.0509	seq_15893_207
0.0513	0.05	0.05	0.05	0.0483	0.0496	0.0492	0.0495	0.0485	0.0502	0.0508	0.0507	0.0498	0.0505	0.0511	0.0508	0.0498	0.0496	0.05	0.0502	seq_15893_208
0.0512	0.0499	0.05	0.0499	0.049	0.0493	0.0499	0.0498	0.0495	0.0497	0.0508	0.0503	0.0492	0.0503	0.0507	0.0505	0.0499	0.0499	0.0502	0.0499	seq_15893_210
0.0516	0.0502	0.0504	0.05	0.0489	0.0497	0.0499	0.0496	0.0491	0.05	0.0501	0.0501	0.0489	0.0508	0.0505	0.0507	0.05	0.0495	0.0499	0.0499	seq_15893_209
0.0503	0.0496	0.0502	0.0495	0.05	0.0499	0.0495	0.0494	0.0502	0.0498	0.0503	0.05	0.0501	0.0503	0.0508	0.0501	0.0505	0.0503	0.0491	0.0501	seq_15893_215
0.0518	0.048	0.051	0.0489	0.0515	0.0499	0.0501	0.0483	0.0485	0.047	0.0506	0.05	0.0498	0.0525	0.053	0.0512	0.0492	0.0496	0.0484	0.0507	seq_15893_211
0.0515	0.049	0.0479	0.0495	0.0484	0.0498	0.0492	0.0498	0.0513	0.05	0.0489	0.0482	0.0496	0.0511	0.0509	0.0507	0.0528	0.0513	0.05	0.05	seq_15893_212
0.0517	0.0501	0.0503	0.05	0.0492	0.0498	0.0495	0.0495	0.0491	0.0505	0.0505	0.0503	0.0492	0.0509	0.0506	0.0509	0.0498	0.0492	0.0495	0.0496	seq_15893_214
0.0514	0.05	0.0505	0.0504	0.0485	0.0497	0.0496	0.0498	0.0495	0.0502	0.0502	0.0506	0.0493	0.0502	0.05	0.0509	0.05	0.049	0.0504	0.0498	seq_15893_213
0.0532	0.0468	0.05	0.0498	0.0473	0.05	0.0472	0.0485	0.0515	0.0501	0.0502	0.0494	0.0507	0.0532	0.0503	0.0518	0.05	0.0505	0.0501	0.0495	seq_15893_216
0.0507	0.0499	0.0492	0.0499	0.0499	0.0498	0.0502	0.05	0.0495	0.0498	0.0498	0.0532	0.0502	0.0495	0.0484	0.0506	0.0503	0.0496	0.0495	0.05	seq_15893_217
0.051	0.0498	0.0487	0.0503	0.0493	0.0501	0.0486	0.0493	0.0505	0.0496	0.0508	0.0507	0.0503	0.0508	0.0499	0.0503	0.0503	0.0491	0.0503	0.0503	seq_15893_218
0.0504	0.0501	0.051	0.0496	0.0481	0.0494	0.0487	0.0496	0.0507	0.0509	0.05	0.0494	0.0503	0.0503	0.0512	0.0507	0.0512	0.0495	0.0493	0.0496	seq_15893_219
0.0506	0.0499	0.0499	0.0499	0.0488	0.0502	0.0491	0.0497	0.0496	0.0502	0.0502	0.0505	0.0491	0.0516	0.0508	0.0506	0.05	0.0495	0.0499	0.05	seq_15893_220
0.0514	0.0495	0.0498	0.0488	0.0498	0.0498	0.0496	0.0502	0.0493	0.05	0.05	0.0499	0.0498	0.0503	0.0506	0.0504	0.0503	0.0505	0.0496	0.0501	seq_15893_221
0.0521	0.0491	0.0498	0.0488	0.0489	0.0496	0.0493	0.0496	0.0504	0.05	0.0492	0.0488	0.0496	0.0515	0.051	0.0511	0.0513	0.0501	0.0499	0.0497	seq_15893_222
0.0511	0.0488	0.0502	0.0502	0.0503	0.0489	0.0491	0.0505	0.0491	0.0496	0.0504	0.0511	0.0503	0.0505	0.0499	0.0506	0.0501	0.0491	0.0504	0.0497	seq_15893_223
0.0486	0.051	0.0501	0.0504	0.05	0.05	0.0465	0.0487	0.0491	0.0504	0.0501	0.0497	0.0511	0.0519	0.0512	0.0522	0.0507	0.05	0.0486	0.0499	seq_15893_224
0.0512	0.0505	0.0496	0.0496	0.0502	0.0499	0.0505	0.0507	0.0493	0.0512	0.0501	0.0483	0.0508	0.0494	0.0503	0.0498	0.0501	0.0497	0.0488	0.05	seq_15893_225
0.0493	0.0499	0.0494	0.0505	0.0501	0.0501	0.0501	0.0503	0.0492	0.0498	0.0504	0.051	0.0496	0.05	0.0501	0.0498	0.0506	0.0493	0.05	0.0504	seq_15893_226
0.0511	0.05	0.0499	0.0499	0.0493	0.0497	0.0503	0.0497	0.0498	0.0499	0.0499	0.051	0.0496	0.05	0.0504	0.0505	0.0494	0.0497	0.0499	0.05	seq_15893_227
0.0508	0.0499	0.0499	0.0499	0.0492	0.0499	0.0501	0.0497	0.0499	0.05	0.0501	0.051	0.0493	0.0502	0.0505	0.0505	0.0494	0.05	0.0498	0.0498	seq_15893_228
0.0499	0.0492	0.0494	0.0502	0.0506	0.0495	0.0494	0.0491	0.05	0.0498	0.0494	0.0512	0.0505	0.0509	0.0499	0.0505	0.0497	0.0492	0.051	0.0504	seq_15893_229
0.0514	0.0499	0.0507	0.0492	0.0488	0.0494	0.0495	0.0502	0.0497	0.05	0.0497	0.0509	0.0496	0.0507	0.0514	0.0498	0.0497	0.0495	0.0497	0.0503	seq_15893_231
0.051	0.05	0.0488	0.0503	0.0493	0.0501	0.0484	0.0498	0.0507	0.0498	0.0509	0.0505	0.0502	0.0507	0.05	0.0502	0.0499	0.0489	0.0502	0.0502	seq_15893_230
0.051	0.0497	0.0504	0.0492	0.0493	0.0495	0.0498	0.0502	0.0497	0.0502	0.0494	0.0507	0.0501	0.0505	0.0512	0.0504	0.0495	0.0492	0.0498	0.0502	seq_15893_232
0.0513	0.0522	0.0493	0.0497	0.0499	0.0502	0.0503	0.0488	0.0507	0.0484	0.0492	0.0491	0.0515	0.05	0.051	0.0487	0.051	0.0499	0.0495	0.0494	seq_15893_233
0.0501	0.0494	0.0499	0.049	0.0494	0.0495	0.0496	0.0496	0.0498	0.0503	0.0501	0.0495	0.0502	0.0505	0.0507	0.0513	0.051	0.0501	0.0501	0.0499	seq_15893_234
0.0493	0.0486	0.0501	0.0492	0.0498	0.0497	0.0502	0.0508	0.0505	0.0503	0.0504	0.0487	0.0497	0.0491	0.0503	0.0509	0.0506	0.0505	0.0504	0.0509	seq_15893_235
0.0512	0.0498	0.0502	0.0498	0.0493	0.0495	0.0496	0.0499	0.0493	0.0505	0.0504	0.0505	0.0497	0.0504	0.0503	0.0507	0.0499	0.0494	0.0503	0.0495	seq_15893_241
0.0516	0.0495	0.0495	0.0483	0.0497	0.0478	0.0493	0.0489	0.0496	0.0483	0.0508	0.0481	0.0501	0.0528	0.0508	0.0513	0.0515	0.0512	0.0497	0.0511	seq_15893_237
0.0513	0.0504	0.0502	0.0497	0.0495	0.049	0.0499	0.0497	0.0492	0.0498	0.0511	0.0499	0.0497	0.0501	0.0505	0.0505	0.0494	0.0498	0.0499	0.0505	seq_15893_236
0.0512	0.0505	0.0499	0.0495	0.0491	0.0492	0.0495	0.0499	0.0494	0.0495	0.051	0.0502	0.0494	0.0505	0.051	0.0499	0.0497	0.05	0.0501	0.0505	seq_15893_238
0.0499	0.0501	0.0496	0.0494	0.0496	0.0497	0.0505	0.0497	0.0498	0.0498	0.0498	0.0502	0.0496	0.051	0.051	0.0504	0.0501	0.0496	0.0502	0.0503	seq_15893_239
0.0514	0.0498	0.0502	0.0504	0.049	0.0495	0.0495	0.05	0.0489	0.0501	0.0499	0.0504	0.0498	0.0506	0.0508	0.0509	0.0498	0.0496	0.0498	0.0496	seq_15893_240
0.0507	0.0496	0.05	0.0499	0.0504	0.05	0.0497	0.0498	0.0491	0.0502	0.0502	0.0489	0.0501	0.0508	0.0495	0.0509	0.0503	0.0492	0.0504	0.0504	seq_15893_243
0.0515	0.0496	0.0501	0.0495	0.0491	0.0495	0.0498	0.0497	0.0491	0.0503	0.0503	0.0504	0.0498	0.0507	0.0504	0.0504	0.0505	0.0497	0.0505	0.0492	seq_15893_242
0.0503	0.0499	0.0498	0.0488	0.0502	0.0501	0.0494	0.0499	0.0496	0.0502	0.0494	0.05	0.0507	0.051	0.051	0.0508	0.0497	0.0496	0.0501	0.0494	seq_15893_244
0.0493	0.0493	0.0494	0.0501	0.0496	0.0495	0.0496	0.0501	0.0504	0.0499	0.0505	0.0488	0.0503	0.0505	0.0516	0.0497	0.0502	0.0502	0.0505	0.0503	seq_15893_245
0.0511	0.0496	0.0503	0.0493	0.0494	0.0501	0.0493	0.0505	0.0492	0.0502	0.0506	0.0506	0.0492	0.0494	0.0512	0.0502	0.0501	0.05	0.0499	0.0499	seq_15893_246
0.0512	0.0501	0.0499	0.0499	0.0493	0.0493	0.05	0.0497	0.0494	0.0501	0.0503	0.0505	0.0496	0.0506	0.0504	0.0504	0.05	0.0491	0.05	0.0503	seq_15893_247
0.0508	0.0506	0.0503	0.049	0.0473	0.0492	0.0501	0.0506	0.0498	0.0506	0.0493	0.0509	0.05	0.0518	0.0508	0.0498	0.0495	0.0495	0.0496	0.0505	seq_15893_248
0.0516	0.0499	0.0511	0.0488	0.051	0.0504	0.0508	0.05	0.0497	0.0502	0.0492	0.0476	0.0487	0.0516	0.0504	0.0507	0.0504	0.0479	0.0491	0.051	seq_15893_249
0.0504	0.0488	0.0499	0.0491	0.0501	0.0501	0.0498	0.0501	0.05	0.0494	0.0501	0.0522	0.0496	0.0493	0.0499	0.0512	0.0502	0.0501	0.0498	0.05	seq_15893_250
0.0548	0.0495	0.052	0.0481	0.0488	0.0478	0.0498	0.0457	0.052	0.0483	0.0479	0.0457	0.0516	0.052	0.0512	0.0535	0.0489	0.0527	0.0493	0.0503	seq_15893_251
0.0514	0.0504	0.0502	0.0498	0.0496	0.0495	0.0503	0.0504	0.0501	0.0501	0.0493	0.0484	0.0503	0.0523	0.0485	0.0508	0.0493	0.0503	0.0491	0.0501	seq_15893_252
0.0513	0.0495	0.0495	0.0481	0.0494	0.0506	0.0507	0.0495	0.0507	0.0486	0.05	0.0499	0.0494	0.0517	0.0517	0.0503	0.0504	0.05	0.0498	0.0491	seq_15893_253
0.0518	0.0486	0.0502	0.0502	0.0496	0.0497	0.0489	0.0499	0.0502	0.0496	0.0501	0.0504	0.0498	0.05	0.0507	0.0496	0.0502	0.0506	0.0505	0.0494	seq_15893_254
0.0508	0.0505	0.0491	0.0489	0.05	0.0502	0.0501	0.0498	0.0493	0.0499	0.0501	0.0537	0.0502	0.0505	0.0486	0.0503	0.0502	0.0501	0.0483	0.0494	seq_15893_255
0.0506	0.0492	0.05	0.0491	0.05	0.0499	0.0494	0.0497	0.0494	0.0511	0.0501	0.0507	0.0505	0.0502	0.0507	0.0507	0.0499	0.0489	0.0495	0.0503	seq_15893_256
0.051	0.0497	0.0505	0.0501	0.049	0.0492	0.0497	0.0495	0.0493	0.0509	0.0507	0.0506	0.0493	0.0505	0.0499	0.0505	0.0494	0.05	0.0503	0.05	seq_15893_258
0.0522	0.0495	0.0503	0.0489	0.0504	0.0477	0.0504	0.05	0.0501	0.0513	0.0491	0.0479	0.0504	0.0488	0.0512	0.0495	0.0513	0.0498	0.0507	0.0505	seq_15893_257
0.0511	0.0498	0.0496	0.0499	0.0498	0.05	0.0499	0.0496	0.0495	0.0504	0.0499	0.0493	0.0494	0.0511	0.0505	0.0506	0.0503	0.05	0.0492	0.05	seq_15893_259
0.0504	0.0498	0.0495	0.0498	0.0495	0.0505	0.0494	0.05	0.0505	0.0493	0.0496	0.0507	0.0496	0.0507	0.0501	0.049	0.0505	0.0506	0.0503	0.0501	seq_15893_260
0.0492	0.0482	0.052	0.0498	0.0531	0.0528	0.0507	0.0528	0.0499	0.0411	0.0487	0.0521	0.051	0.0507	0.0531	0.0538	0.0501	0.0526	0.0496	0.0388	seq_15893_265
0.0508	0.0497	0.0488	0.0505	0.0493	0.0498	0.0484	0.0495	0.0505	0.0495	0.0507	0.0509	0.0505	0.0507	0.05	0.0505	0.0502	0.049	0.0504	0.0502	seq_15893_261
0.051	0.0501	0.0497	0.0496	0.0501	0.0506	0.0506	0.0501	0.0497	0.0503	0.0497	0.0522	0.0494	0.0497	0.0481	0.0499	0.0508	0.0485	0.0491	0.0509	seq_15893_262
0.0506	0.0506	0.0487	0.0507	0.0503	0.0505	0.0501	0.0505	0.0489	0.0509	0.0507	0.0486	0.0505	0.0488	0.049	0.0514	0.0491	0.0504	0.0503	0.0492	seq_15893_263
